
iter 0
512 1393.15
640 2143.35
768 3126.3
896 4131.26
1024 5047.96

iter 1
512 1166.59
640 1396.65
768 3083.88
896 4144.95
1024 4856.73

iter 2
512 1494.77
640 2125.85
768 2988.05
896 3986.33
1024 5790.39

iter 3
512 1227.9
640 2133.83
768 3061.22
896 4388.16
1024 5678.59

iter 4
512 1314.41
640 1984.76
768 2539.79
896 3395.42
1024 4401.41

iter 5
512 1155.54
640 2230.55
768 2890.17
896 3161.13
1024 3985.65

iter 6
512 1496.11
640 1994.89
768 2823.8
896 3335.87
1024 4422.82

iter 7
512 1103.02
640 1815.8
768 2521.01
896 3315.65
1024 4325.26

iter 8
512 1489.87
640 2228.16
768 2728.26
896 3807.66
1024 5724.1

iter 9
512 1259.13
640 2031.86
768 2925.12
896 3454.4
1024 4198.15
